0.0 0.0,9.2e-15 150.0,150.0 150.0,150.0 0.0,-2.84e-14 1.84e-14
5.0 5.0,5.000000000000007 145.0,145.0 145.0,145.0 5.0,5.0 5.0
5.0 22.5,145.0 22.5
5.0 40.0,145.0 40.0
5.000000000000001 57.5,145.0 57.5
5.000000000000007 92.50000000000006,145.0 92.49999999999999
5.000000000000004 75.00000000000003,145.0 75.0
5.000000000000001 127.5,145.0 127.5
5.000000000000004 109.9999999999999,145.0 110.0
22.50000000000001 145.0,22.49999999999999 5.0
57.49999999999996 145.0,57.5 5.0
92.49999999999994 145.0,92.49999999999996 5.0
74.99999999999991 145.0,74.99999999999997 5.0
127.4999999999999 145.0,127.4999999999999 5.0
109.9999999999999 145.0,109.9999999999999 5.0
11.60142028180877 0.5080856097276297,13.13638911476693 4.52093270160384,14.64942982153991 0.5080856097276297
12.1715515626218 1.845701307019679,14.07929854072688 1.845701307019679
29.10006497753125 0.5080856097276297,29.10006497753125 4.52093270160384,30.81045881997028 4.52093270160384,31.38059010078331 4.32357956593779,31.57794323644936 4.126226430271741,31.75336824593029 3.753448285124761,31.75336824593029 3.380670139977808,31.57794323644936 2.985963868645711,31.38059010078331 2.810538859164779,30.81045881997028 2.613185723498759,29.10006497753125 2.613185723498759
30.81045881997028 2.613185723498759,31.38059010078331 2.41583258783271,31.57794323644936 2.240407578351778,31.75336824593029 1.845701307019679,31.75336824593029 1.275570026206678,31.57794323644936 0.9027918810596987,31.38059010078331 0.7054387453936783,30.81045881997028 0.5080856097276297,29.10006497753125 0.5080856097276297
49.44936607731875 3.55609514945874,49.25201294165271 3.95080142079081,48.87923479650578 4.32357956593779,48.48452852517368 4.52093270160384,47.73897223487972 4.52093270160384,47.34426596354762 4.32357956593779,46.97148781840071 3.95080142079081,46.77413468273465 3.55609514945874,46.5767815470686 2.985963868645711,46.5767815470686 2.043054442685729,46.77413468273465 1.472923161872728,46.97148781840071 1.100145016725747,47.34426596354762 0.7054387453936783,47.73897223487972 0.5080856097276297,48.48452852517368 0.5080856097276297,48.87923479650578 0.7054387453936783,49.25201294165271 1.100145016725747,49.44936607731875 1.472923161872728
64.07542624279108 0.5080856097276297,64.07542624279108 4.52093270160384,65.41304194008313 4.52093270160384,65.98317322089616 4.32357956593779,66.35595136604309 3.95080142079081,66.55330450170914 3.55609514945874,66.72872951119007 2.985963868645711,66.72872951119007 2.043054442685729,66.55330450170914 1.472923161872728,66.35595136604309 1.100145016725747,65.98317322089616 0.7054387453936783,65.41304194008313 0.5080856097276297,64.07542624279108 0.5080856097276297,64.07542624279108 0.5080856097276297
81.55214281232836 0.5080856097276297,81.55214281232836 4.52093270160384,84.03002107124647 4.52093270160384
81.55214281232836 2.613185723498759,83.08711164528656 2.613185723498759
81.55214281232836 0.5080856097276297,84.03002107124647 0.5080856097276297
99.05078750805087 0.5080856097276297,99.05078750805087 4.52093270160384,101.5286657669689 4.52093270160384
99.05078750805087 2.613185723498759,100.5638282148238 2.613185723498759
119.4000886078383 3.55609514945874,119.2027354721723 3.95080142079081,118.8299573270254 4.32357956593779,118.4352510556933 4.52093270160384,117.6896947653993 4.52093270160384,117.2949884940672 4.32357956593779,116.9222103489203 3.95080142079081,116.7248572132542 3.55609514945874,116.5275040775882 2.985963868645711,116.5275040775882 2.043054442685729,116.7248572132542 1.472923161872728,116.9222103489203 1.100145016725747,117.2949884940672 0.7054387453936783,117.6896947653993 0.5080856097276297,118.4352510556933 0.5080856097276297,118.8299573270254 0.7054387453936783,119.2027354721723 1.100145016725747,119.4000886078383 1.472923161872728,119.4000886078383 2.043054442685729,118.4352510556933 2.043054442685729
134.0261487733107 0.5080856097276297,134.0261487733107 4.52093270160384
136.6794520417097 4.52093270160384,136.6794520417097 0.5080856097276297
134.0261487733107 2.613185723498759,136.6794520417097 2.613185723498759
15.32920173327847 149.5097030375899,13.81616102650548 145.4968559457137,12.28119219354738 149.5097030375899
14.75907045246549 148.1720873402978,12.85132347436041 148.1720873402978
32.93748705992654 149.5097030375899,32.93748705992654 145.4968559457137,31.22709321748749 145.4968559457137,30.65696193667446 145.6942090813797,30.45960880100841 145.8915622170458,30.26225566534242 146.2643403621927,30.26225566534242 146.6590466335248,30.45960880100841 147.0318247786718,30.65696193667446 147.2291779143378,31.22709321748749 147.4046029238188,32.93748705992654 147.4046029238188
31.22709321748749 147.4046029238188,30.65696193667446 147.6019560594848,30.45960880100841 147.7993091951509,30.26225566534242 148.1720873402978,30.26225566534242 148.7422186211108,30.45960880100841 149.1369248924429,30.65696193667446 149.3123499019239,31.22709321748749 149.5097030375899,32.93748705992654 149.5097030375899
47.82668473962019 146.4616934978588,48.00210974910111 146.0889153527118,48.39681602043321 145.6942090813797,48.76959416558021 145.4968559457137,49.53707858205922 145.4968559457137,49.9098567272062 145.6942090813797,50.30456299853829 146.0889153527118,50.47998800801924 146.4616934978588,50.67734114368528 147.0318247786718,50.67734114368528 147.9747342046318,50.47998800801924 148.5448654854448,50.30456299853829 148.9395717567769,49.9098567272062 149.3123499019239,49.53707858205922 149.5097030375899,48.76959416558021 149.5097030375899,48.39681602043321 149.3123499019239,48.00210974910111 148.9395717567769,47.82668473962019 148.5448654854448
68.24177021796305 149.5097030375899,68.24177021796305 145.4968559457137,66.90415452067099 145.4968559457137,66.33402323985797 145.6942090813797,65.96124509471103 146.0889153527118,65.763891959045 146.4616934978588,65.56653882337895 147.0318247786718,65.56653882337895 147.9747342046318,65.763891959045 148.5448654854448,65.96124509471103 148.9395717567769,66.33402323985797 149.3123499019239,66.90415452067099 149.5097030375899,68.24177021796305 149.5097030375899,68.24177021796305 149.5097030375899
85.43342114709387 149.5097030375899,85.43342114709387 145.4968559457137,82.95554288817584 145.4968559457137
85.43342114709387 147.4046029238188,83.8984523141358 147.4046029238188
85.43342114709387 149.5097030375899,82.95554288817584 149.5097030375899
102.6689283285949 149.5097030375899,102.6689283285949 145.4968559457137,100.1910500696768 145.4968559457137
102.6689283285949 147.4046029238188,101.1339594956369 147.4046029238188
117.9747604058058 146.4616934978588,118.1721135414719 146.0889153527118,118.5448916866189 145.6942090813797,118.9176698317658 145.4968559457137,119.6851542482449 145.4968559457137,120.0579323933918 145.6942090813797,120.4526386647239 146.0889153527118,120.6280636742049 146.4616934978588,120.8254168098709 147.0318247786718,120.8254168098709 147.9747342046318,120.6280636742049 148.5448654854448,120.4526386647239 148.9395717567769,120.0579323933918 149.3123499019239,119.6851542482449 149.5097030375899,118.9176698317658 149.5097030375899,118.5448916866189 149.3123499019239,118.1721135414719 148.9395717567769,117.9747604058058 148.5448654854448,117.9747604058058 147.9747342046318,118.9176698317658 147.9747342046318
138.0609239913719 149.5097030375899,138.0609239913719 145.4968559457137
135.3856925967878 145.4968559457137,135.3856925967878 149.5097030375899
138.0609239913719 147.4046029238188,135.3856925967878 147.4046029238188
1.119775965323412 15.26571453231059,1.492554110470392 15.44113954179153,2.062685391283423 16.01127082260453,2.062685391283423 12.02035185691346
1.317129100989461 32.56700609236702,1.317129100989461 32.76435922803307,1.492554110470392 33.13713737318003,1.689907246136441 33.33449050884607,2.062685391283423 33.50991551832701,2.830169807762444 33.50991551832701,3.202947952909426 33.33449050884607,3.400301088575473 33.13713737318003,3.597654224241523 32.76435922803307,3.597654224241523 32.36965295670098,3.400301088575473 31.99687481155399,3.027522943428492 31.42674353074099,1.119775965323412 29.51899655263591,3.773079233722454 29.51899655263591
1.492554110470392 51.00856021404945,3.597654224241523 51.00856021404945,2.457391662615463 49.49551950727647,3.027522943428492 49.49551950727647,3.400301088575473 49.29816637161042,3.597654224241523 49.10081323594436,3.773079233722454 48.53068195513137,3.773079233722454 48.15790380998439,3.597654224241523 47.58777252917139,3.202947952909426 47.21499438402441,2.632816672096395 47.01764124835835,2.062685391283423 47.01764124835835,1.492554110470392 47.21499438402441,1.317129100989461 47.39041939350534,1.119775965323412 47.78512566483743
3.027522943428492 68.50720490977193,1.119775965323412 65.85390164137289,3.970432369388446 65.85390164137289
3.027522943428492 68.50720490977193,3.027522943428492 64.51628594408083
3.400301088575473 86.00584960549436,1.492554110470392 86.00584960549436,1.317129100989461 84.29545576305534,1.492554110470392 84.4928088987214,2.062685391283423 84.6682339082023,2.632816672096395 84.6682339082023,3.202947952909426 84.4928088987214,3.597654224241523 84.0981026273893,3.773079233722454 83.5279713465763,3.773079233722454 83.1551932014293,3.597654224241523 82.58506192061631,3.202947952909426 82.21228377546934,2.632816672096395 82.01493063980327,2.062685391283423 82.01493063980327,1.492554110470392 82.21228377546934,1.317129100989461 82.38770878495026,1.119775965323412 82.78241505628233
3.400301088575473 102.9343630204038,3.202947952909426 103.3290692917359,2.632816672096395 103.5044943012168,2.260038526949414 103.5044943012168,1.689907246136441 103.3290692917359,1.317129100989461 102.7589380109229,1.119775965323412 101.7941004587778,1.119775965323412 100.8511910328178,1.317129100989461 100.0837066163387,1.689907246136441 99.7109284711918,2.260038526949414 99.51357533552576,2.457391662615463 99.51357533552576,3.027522943428492 99.7109284711918,3.400301088575473 100.0837066163387,3.597654224241523 100.6538378971518,3.597654224241523 100.8511910328178,3.400301088575473 101.4213223136308,3.027522943428492 101.7941004587778,2.457391662615463 101.9914535944438,2.260038526949414 101.9914535944438,1.689907246136441 101.7941004587778,1.317129100989461 101.4213223136308,1.119775965323412 100.8511910328178
1.119775965323412 121.0031389969393,3.773079233722454 121.0031389969393,1.88726038180249 117.0122200312482
2.062685391283423 138.5017836926617,1.492554110470392 138.3263586831808,1.317129100989461 137.9316524118487,1.317129100989461 137.5588742667017,1.492554110470392 137.1641679953697,1.88726038180249 136.9887429858887,2.632816672096395 136.7913898502227,3.202947952909426 136.5940367145567,3.597654224241523 136.2212585694097,3.773079233722454 135.8484804242627,3.773079233722454 135.2783491434497,3.597654224241523 134.8836428721176,3.400301088575473 134.7082178626367,2.830169807762444 134.5108647269707,2.062685391283423 134.5108647269707,1.492554110470392 134.7082178626367,1.317129100989461 134.8836428721176,1.119775965323412 135.2783491434497,1.119775965323412 135.8484804242627,1.317129100989461 136.2212585694097,1.689907246136441 136.5940367145567,2.260038526949414 136.7913898502227,3.027522943428492 136.9887429858887,3.400301088575473 137.1641679953697,3.597654224241523 137.5588742667017,3.597654224241523 137.9316524118487,3.400301088575473 138.3263586831808,2.830169807762444 138.5017836926617,2.062685391283423 138.5017836926617,2.062685391283423 138.5017836926617
148.7749870839299 12.78783627339251,148.3802808125978 12.59048313772646,147.8101495317848 12.02035185691346,147.8101495317848 16.01127082260453
148.5776339482639 30.4619059785959,148.5776339482639 30.28648096911496,148.3802808125978 29.89177469778289,148.1829276769318 29.71634968830196,147.8101495317848 29.51899655263591,147.0426651153057 29.51899655263591,146.6698869701588 29.71634968830196,146.4725338344926 29.89177469778289,146.2971088250118 30.28648096911496,146.2971088250118 30.65925911426194,146.4725338344926 31.0320372594089,146.8672401058248 31.60216854022193,148.7749870839299 33.50991551832701,146.0997556893458 33.50991551832701
148.3802808125978 47.01764124835835,146.2971088250118 47.01764124835835,147.4373713866378 48.53068195513137,146.8672401058248 48.53068195513137,146.4725338344926 48.72803509079743,146.2971088250118 48.92538822646343,146.0997556893458 49.49551950727647,146.0997556893458 49.86829765242342,146.2971088250118 50.43842893323645,146.6698869701588 50.83313520456852,147.2400182509718 51.00856021404945,147.8101495317848 51.00856021404945,148.3802808125978 50.83313520456852,148.5776339482639 50.6357820689025,148.7749870839299 50.26300392375552
146.8672401058248 64.51628594408083,148.7749870839299 67.16958921247985,145.9024025536797 67.16958921247985
146.8672401058248 64.51628594408083,146.8672401058248 68.50720490977193
146.4725338344926 82.01493063980327,148.3802808125978 82.01493063980327,148.5776339482639 83.72532448224231,148.3802808125978 83.5279713465763,147.8101495317848 83.35254633709538,147.2400182509718 83.35254633709538,146.6698869701588 83.5279713465763,146.2971088250118 83.92267761790836,146.0997556893458 84.4928088987214,146.0997556893458 84.86558704386835,146.2971088250118 85.43571832468137,146.6698869701588 85.83042459601344,147.2400182509718 86.00584960549436,147.8101495317848 86.00584960549436,148.3802808125978 85.83042459601344,148.5776339482639 85.6330714603474,148.7749870839299 85.26029331520041
146.4725338344926 100.0837066163387,146.6698869701588 99.7109284711918,147.2400182509718 99.51357533552576,147.6127963961187 99.51357533552576,148.1829276769318 99.7109284711918,148.5776339482639 100.2810597520048,148.7749870839299 101.2239691779648,148.7749870839299 102.1668786039247,148.5776339482639 102.9343630204038,148.1829276769318 103.3290692917359,147.6127963961187 103.5044943012168,147.4373713866378 103.5044943012168,146.8672401058248 103.3290692917359,146.4725338344926 102.9343630204038,146.2971088250118 102.3642317395908,146.2971088250118 102.1668786039247,146.4725338344926 101.5967473231117,146.8672401058248 101.2239691779648,147.4373713866378 101.0266160422987,147.6127963961187 101.0266160422987,148.1829276769318 101.2239691779648,148.5776339482639 101.5967473231117,148.7749870839299 102.1668786039247
148.7749870839299 117.0122200312482,146.0997556893458 117.0122200312482,148.0075026674508 121.0031389969393
147.8101495317848 134.5108647269707,148.3802808125978 134.7082178626367,148.5776339482639 135.0809960077837,148.5776339482639 135.4537741529306,148.3802808125978 135.8484804242627,148.0075026674508 136.0239054337436,147.2400182509718 136.2212585694097,146.6698869701588 136.4186117050757,146.2971088250118 136.7913898502227,146.0997556893458 137.1641679953697,146.0997556893458 137.7562274023678,146.2971088250118 138.1290055475148,146.4725338344926 138.3263586831808,147.0426651153057 138.5017836926617,147.8101495317848 138.5017836926617,148.3802808125978 138.3263586831808,148.5776339482639 138.1290055475148,148.7749870839299 137.7562274023678,148.7749870839299 137.1641679953697,148.5776339482639 136.7913898502227,148.1829276769318 136.4186117050757,147.6127963961187 136.2212585694097,146.8672401058248 136.0239054337436,146.4725338344926 135.8484804242627,146.2971088250118 135.4537741529306,146.2971088250118 135.0809960077837,146.4725338344926 134.7082178626367,147.0426651153057 134.5108647269707,147.8101495317848 134.5108647269707,147.8101495317848 134.5108647269707
145.0 142.3681958742129,142.3681958742129 144.9999999999999
145.0 137.8780678136783,137.8780678136783 144.9999999999999
145.0 133.3879397531438,133.3879397531438 145.0
145.0 128.8978116926091,128.8978116926092 145.0
141.9076836320746 127.5,127.4999999999999 141.9076836320747
137.41755557154 127.5,127.4999999999999 137.41755557154
132.9274275110054 127.5,127.4999999999999 132.9274275110055
128.4372994504708 127.5,127.4999999999999 128.4372994504709
127.4999999999999 123.9471713899363,123.9471713899363 127.5
109.9999999999999 141.4471713899363,106.4471713899363 145.0
145.0 106.4471713899363,141.4471713899362 110.0
127.4999999999999 119.4570433294018,119.4570433294017 127.5
109.9999999999999 136.9570433294018,101.9570433294017 145.0
145.0 101.9570433294017,136.9570433294017 110.0
127.4999999999999 114.9669152688672,114.9669152688671 127.5
109.9999999999999 132.4669152688672,97.46691526886715 145.0
145.0 97.46691526886715,132.4669152688671 110.0
127.4999999999999 110.4767872083326,110.4767872083326 127.4999999999999
109.9999999999999 127.9767872083326,92.9767872083326 145.0
145.0 92.97678720833252,127.9767872083325 110.0
123.4866591477979 110.0,109.9999999999999 123.486659147798
105.986659147798 127.5,92.49999999999994 140.986659147798
140.9866591477979 92.49999999999999,127.4999999999999 105.9866591477981
118.9965310872634 110.0,109.9999999999999 118.9965310872634
101.4965310872634 127.5,92.49999999999994 136.4965310872634
136.4965310872634 92.49999999999999,127.4999999999999 101.4965310872635
114.5064030267288 110.0,109.9999999999999 114.5064030267289
97.00640302672883 127.5,92.49999999999994 132.0064030267289
132.0064030267288 92.5,127.4999999999999 97.00640302672895
110.0162749661942 110.0,109.9999999999999 110.0162749661943
92.51627496619423 127.5,92.49999999999994 127.5162749661943
127.5162749661942 92.5,127.4999999999999 92.51627496619435
109.9999999999999 105.5261469056597,105.5261469056596 110.0
92.49999999999994 123.0261469056597,88.02614690565964 127.5
127.4999999999999 88.02614690565977,123.0261469056596 92.49999999999999
74.99999999999991 140.5261469056597,70.52614690565969 145.0
145.0 70.52614690565966,140.5261469056596 75.0
109.9999999999999 101.0360188451251,101.0360188451251 109.9999999999999
92.49999999999994 118.5360188451251,83.5360188451251 127.5
127.4999999999999 83.53601884512518,118.5360188451251 92.49999999999999
74.99999999999991 136.0360188451251,66.03601884512511 145.0
145.0 66.0360188451251,136.0360188451251 75.0
109.9999999999999 96.54589078459057,96.54589078459055 109.9999999999999
92.49999999999996 114.0458907845905,79.04589078459055 127.5
127.4999999999999 79.0458907845906,114.0458907845905 92.5
74.99999999999996 131.5458907845906,61.54589078459054 145.0
145.0 61.54589078459054,131.5458907845905 75.0
109.5557627240559 92.49999999999999,92.49999999999994 109.555762724056
92.05576272405592 110.0,74.99999999999991 127.055762724056
127.0557627240559 75.00000000000001,109.9999999999999 92.055762724056
74.55576272405595 127.5,57.49999999999996 144.5557627240559
144.5557627240559 57.49999999999998,127.4999999999999 74.55576272405604
105.0656346635214 92.49999999999999,92.49999999999994 105.0656346635214
87.5656346635214 110.0,74.99999999999996 122.5656346635214
122.5656346635213 75.00000000000001,109.9999999999999 87.56563466352142
70.06563466352138 127.5,57.49999999999996 140.0656346635214
140.0656346635213 57.5,127.4999999999999 70.06563466352146
100.5755066029867 92.5,92.49999999999991 100.5755066029868
83.07550660298678 110.0,74.99999999999991 118.0755066029868
118.0755066029867 75.0,109.9999999999999 83.07550660298683
65.57550660298679 127.5,57.49999999999993 135.5755066029868
135.5755066029868 57.5,127.4999999999999 65.57550660298686
96.0853785424522 92.5,92.49999999999991 96.08537854245228
78.58537854245222 110.0,74.99999999999996 113.5853785424522
113.5853785424522 75.0,109.9999999999999 78.58537854245228
61.08537854245222 127.5,57.49999999999996 131.0853785424522
131.0853785424522 57.5,127.4999999999999 61.08537854245231
92.49999999999994 91.59525048191769,91.59525048191765 92.49999999999999
74.99999999999991 109.0952504819177,74.09525048191766 109.9999999999999
109.9999999999999 74.09525048191769,109.0952504819176 75.0
57.49999999999996 126.5952504819177,56.59525048191763 127.5
127.4999999999999 56.59525048191771,126.5952504819176 57.5
40.0 144.0952504819176,39.09525048191768 144.9999999999999
145.0 39.09525048191765,144.0952504819176 40.0
92.49999999999996 87.1051224213831,87.10512242138304 92.49999999999999
74.99999999999991 104.6051224213831,69.60512242138307 109.9999999999999
109.9999999999999 69.60512242138311,104.605122421383 75.00000000000001
57.49999999999996 122.1051224213831,52.10512242138307 127.5
127.4999999999999 52.10512242138315,122.105122421383 57.5
40.0 139.605122421383,34.6051224213831 145.0
145.0 34.60512242138307,139.605122421383 40.0
92.49999999999996 82.61499436084851,82.61499436084848 92.5
74.99999999999991 100.1149943608485,65.1149943608485 109.9999999999999
109.9999999999999 65.11499436084854,100.1149943608484 75.00000000000001
57.49999999999996 117.6149943608485,47.61499436084847 127.5
127.4999999999999 47.61499436084856,117.6149943608485 57.5
40.0 135.1149943608485,30.11499436084851 145.0
145.0 30.11499436084849,135.1149943608485 40.0
92.49999999999996 78.12486630031395,78.1248663003139 92.5
74.99999999999996 95.62486630031395,60.62486630031393 109.9999999999999
109.9999999999999 60.62486630031397,95.62486630031393 75.0
57.49999999999996 113.1248663003139,43.1248663003139 127.5
127.4999999999999 43.124866300314,113.1248663003139 57.5
40.0 130.6248663003139,25.62486630031393 145.0
145.0 25.6248663003139,130.6248663003139 40.0
91.13473823977932 75.00000000000001,74.99999999999991 91.1347382397794
73.63473823977931 92.5,57.49999999999996 108.6347382397793
108.6347382397793 57.49999999999997,92.49999999999996 73.63473823977935
56.13473823977937 109.9999999999999,40.0 126.1347382397793
126.1347382397793 40.0,109.9999999999999 56.13473823977939
38.63473823977937 127.4999999999999,22.50000000000001 143.6347382397793
143.6347382397793 22.49999999999999,127.4999999999999 38.63473823977942
86.64461017924471 75.00000000000001,74.99999999999991 86.6446101792448
69.14461017924472 92.5,57.49999999999996 104.1446101792448
104.1446101792447 57.5,92.49999999999994 69.14461017924478
51.64461017924478 109.9999999999999,40.0 121.6446101792447
121.6446101792447 40.0,109.9999999999999 51.64461017924479
34.14461017924477 127.4999999999999,22.5 139.1446101792447
139.1446101792447 22.49999999999999,127.4999999999999 34.14461017924484
82.15448211871015 75.00000000000001,74.99999999999991 82.15448211871023
64.65448211871016 92.5,57.49999999999997 99.6544821187102
99.65448211871015 57.5,92.49999999999994 64.65448211871022
47.1544821187102 109.9999999999999,40.0 117.1544821187102
117.1544821187101 40.0,109.9999999999999 47.15448211871022
29.6544821187102 127.4999999999999,22.5 134.6544821187102
134.6544821187102 22.49999999999999,127.4999999999999 29.65448211871027
77.66435405817556 75.00000000000001,74.99999999999991 77.66435405817565
60.16435405817559 92.5,57.49999999999998 95.16435405817562
95.1643540581756 57.5,92.49999999999994 60.16435405817563
42.66435405817563 109.9999999999999,40.0 112.6643540581756
112.6643540581756 40.0,109.9999999999999 42.66435405817563
25.16435405817561 127.5,22.5 130.1643540581756
130.1643540581756 22.49999999999999,127.4999999999999 25.1643540581757
74.99999999999997 73.17422599764105,73.174225997641 75.00000000000001
57.49999999999997 90.67422599764105,55.674225997641 92.5
92.49999999999996 55.67422599764104,90.67422599764105 57.5
40.0 108.174225997641,38.17422599764105 109.9999999999999
109.9999999999999 38.17422599764107,108.174225997641 40.0
22.5 125.674225997641,20.67422599764104 127.5
127.4999999999999 20.6742259976411,125.674225997641 22.5
74.99999999999997 68.68409793710647,68.68409793710643 75.00000000000001
57.49999999999998 86.18409793710647,51.18409793710643 92.5
92.49999999999999 51.18409793710647,86.18409793710644 57.5
40.0 103.6840979371064,33.68409793710649 109.9999999999999
109.9999999999999 33.6840979371065,103.6840979371064 40.0
22.5 121.1840979371064,16.18409793710646 127.5
127.4999999999999 16.18409793710653,121.1840979371064 22.5
74.99999999999997 64.1939698765719,64.19396987657186 75.00000000000001
57.49999999999998 81.6939698765719,46.69396987657186 92.50000000000006
92.49999999999996 46.69396987657189,81.69396987657187 57.5
40.0 99.19396987657188,29.19396987657191 109.9999999999999
109.9999999999999 29.19396987657193,99.19396987657188 40.0
22.5 116.6939698765719,11.69396987657189 127.5
127.4999999999999 11.69396987657197,116.6939698765718 22.5
74.99999999999997 59.70384181603732,59.70384181603728 75.00000000000001
57.5 77.20384181603731,42.20384181603725 92.50000000000006
92.49999999999999 42.20384181603733,77.20384181603731 57.5
40.0 94.7038418160373,24.70384181603733 109.9999999999999
109.9999999999999 24.70384181603736,94.70384181603725 40.0
22.50000000000001 112.2038418160373,7.203841816037311 127.5
127.4999999999999 7.203841816037396,112.2038418160373 22.5
72.7137137555027 57.5,57.49999999999997 72.71371375550275
55.21371375550272 75.0,40.0 90.21371375550272
90.21371375550272 40.0,74.99999999999996 55.21371375550276
37.71371375550271 92.50000000000006,22.50000000000001 107.7137137555027
107.7137137555027 22.5,92.49999999999999 37.71371375550276
20.21371375550273 110.0,5.000000000000006 125.2137137555027
125.2137137555027 5.000000000000006,109.9999999999999 20.21371375550278
68.22358569496812 57.5,57.49999999999996 68.22358569496818
50.72358569496813 75.0,40.0 85.72358569496815
85.72358569496811 40.0,74.99999999999996 50.72358569496818
33.22358569496812 92.5,22.5 103.2235856949681
103.2235856949681 22.5,92.49999999999996 33.22358569496818
15.72358569496816 110.0,5.0 120.7235856949681
120.7235856949681 5.0,109.9999999999999 15.7235856949682
63.73345763443357 57.5,57.49999999999997 63.73345763443359
46.23345763443356 75.0,40.0 81.23345763443358
81.23345763443356 40.0,74.99999999999996 46.23345763443359
28.73345763443354 92.50000000000006,22.50000000000001 98.73345763443355
98.73345763443355 22.5,92.49999999999996 28.7334576344336
11.23345763443359 109.9999999999999,5.0 116.2334576344335
116.2334576344335 5.0,109.9999999999999 11.23345763443364
59.24332957389899 57.5,57.49999999999996 59.24332957389902
41.74332957389895 75.00000000000001,40.0 76.743329573899
76.74332957389899 40.0,74.99999999999997 41.74332957389902
24.24332957389895 92.50000000000006,22.5 94.24332957389898
94.24332957389898 22.5,92.49999999999994 24.24332957389903
6.743329573899011 109.9999999999999,5.000000000000006 111.743329573899
111.743329573899 5.0,109.9999999999999 6.743329573899067
57.49999999999998 54.75320151336443,54.7532015133644 57.5
39.99999999999996 72.25320151336444,37.25320151336439 75.00000000000003
74.99999999999997 37.25320151336446,72.25320151336442 40.0
22.5 89.75320151336443,19.75320151336438 92.50000000000006
92.49999999999999 19.75320151336443,89.75320151336443 22.5
57.49999999999997 50.26307345282985,50.26307345282983 57.5
39.99999999999998 67.76307345282984,32.76307345282982 75.00000000000001
74.99999999999997 32.76307345282987,67.76307345282983 40.0
22.5 85.26307345282983,15.26307345282981 92.50000000000006
92.49999999999999 15.26307345282986,85.26307345282984 22.49999999999999
57.49999999999998 45.77294539229527,45.77294539229526 57.5
40.0 63.27294539229527,28.27294539229524 75.00000000000001
74.99999999999997 28.27294539229529,63.27294539229526 40.0
22.5 80.77294539229527,10.77294539229523 92.50000000000006
92.49999999999996 10.77294539229529,80.77294539229526 22.5
57.5 41.28281733176069,41.28281733176069 57.5
40.0 58.7828173317607,23.78281733176067 75.00000000000001
74.99999999999997 23.78281733176071,58.78281733176068 40.0
22.5 76.2828173317607,6.282817331760661 92.50000000000006
92.49999999999996 6.282817331760717,76.28281733176068 22.5
54.2926892712261 40.0,40.0 54.29268927122612
36.79268927122611 57.5,22.5 71.79268927122611
71.79268927122611 22.5,57.49999999999998 36.79268927122612
19.29268927122608 75.00000000000003,5.0 89.2926892712261
89.2926892712261 5.0,74.99999999999997 19.29268927122613
49.80256121069153 40.0,40.0 49.80256121069155
32.30256121069154 57.5,22.5 67.30256121069152
67.30256121069152 22.5,57.5 32.30256121069154
14.80256121069151 75.00000000000003,5.0 84.80256121069151
84.80256121069151 5.0,74.99999999999997 14.80256121069155
45.31243315015696 40.0,39.99999999999998 45.31243315015696
27.81243315015696 57.5,22.5 62.81243315015696
62.81243315015696 22.5,57.5 27.81243315015696
10.31243315015693 75.00000000000003,5.0 80.31243315015695
80.31243315015695 5.0,74.99999999999997 10.31243315015698
40.82230508962236 40.0,39.99999999999996 40.82230508962239
23.32230508962238 57.5,22.49999999999999 58.32230508962238
58.32230508962236 22.5,57.5 23.32230508962238
5.822305089622362 75.00000000000001,4.999999999999984 75.82230508962239
75.82230508962238 4.999999999999992,74.99999999999997 5.822305089622395
39.99999999999996 36.33217702908782,36.3321770290878 40.0
22.49999999999999 53.83217702908781,18.8321770290878 57.5
57.5 18.8321770290878,53.8321770290878 22.5
39.99999999999998 31.84204896855325,31.84204896855322 40.0
22.5 49.34204896855323,14.34204896855323 57.5
57.5 14.34204896855323,49.34204896855322 22.5
39.99999999999998 27.35192090801867,27.35192090801865 40.0
22.5 44.85192090801866,9.85192090801866 57.5
57.5 9.85192090801866,44.85192090801863 22.5
39.99999999999998 22.86179284748409,22.86179284748407 40.0
22.5 40.36179284748406,5.361792847484085 57.5
57.5 5.361792847484082,40.36179284748405 22.5
35.8716647869495 22.5,22.5 35.8716647869495
18.37166478694949 40.0,5.0 53.3716647869495
53.3716647869495 5.0,39.99999999999998 18.37166478694951
31.38153672641493 22.5,22.49999999999999 31.38153672641493
13.88153672641492 40.0,5.0 48.88153672641492
48.8815367264149 4.999999999999995,39.99999999999998 13.88153672641493
26.89140866588035 22.5,22.49999999999999 26.89140866588035
9.391408665880343 40.0,5.000000000000002 44.39140866588035
44.39140866588032 5.0,39.99999999999996 9.391408665880363
22.49999999999999 22.40128060534578,22.40128060534577 22.5
22.49999999999999 17.9111525448112,17.91115254481119 22.5
22.49999999999999 13.42102448427662,13.42102448427661 22.5
22.49999999999999 8.930896423742047,8.930896423742038 22.5
21.94076836320746 4.999999999999998,5.0 21.94076836320746
17.45064030267288 5.0,4.999999999999999 17.45064030267288
12.9605122421383 5.0,5.0 12.96051224213831
8.470384181603727 4.999999999999999,5.0 8.470384181603727
143.7334576344336 22.50000000000001,145.0 23.76654236556642
126.2334576344336 5.0,127.4999999999999 6.266542365566322
139.243329573899 22.5,145.0 28.25667042610099
121.743329573899 5.0,127.4999999999999 10.75667042610089
134.7532015133644 22.5,145.0 32.74679848663556
117.2532015133644 4.999999999999992,127.4999999999999 15.24679848663547
130.2630734528299 22.5,145.0 37.23692654717014
112.7630734528298 4.999999999999992,127.4999999999999 19.73692654717004
127.4999999999999 24.22705460770462,143.2729453922953 40.00000000000002
109.9999999999999 6.72705460770465,125.7729453922953 22.50000000000001
127.4999999999999 28.7171826682392,138.7828173317607 40.0
109.9999999999999 11.21718266823922,121.2828173317607 22.50000000000001
127.4999999999999 33.20731072877377,134.2926892712261 40.0
109.9999999999999 15.70731072877381,116.7926892712261 22.50000000000001
127.4999999999999 37.69743878930835,129.8025612106916 40.0
109.9999999999999 20.19743878930839,112.3025612106915 22.50000000000001
125.312433150157 40.0,127.4999999999999 42.18756684984294
107.812433150157 22.5,109.9999999999999 24.68756684984297
142.812433150157 57.5,145.0 59.68756684984301
90.31243315015698 5.000000000000006,92.49999999999999 7.187566849842994
120.8223050896224 40.0,127.4999999999999 46.67769491037751
103.3223050896224 22.5,109.9999999999999 29.17769491037756
138.3223050896224 57.5,145.0 64.1776949103776
85.8223050896224 4.999999999999992,92.49999999999999 11.67769491037756
116.3321770290878 40.0,127.4999999999999 51.1678229709121
98.83217702908784 22.50000000000001,109.9999999999999 33.66782297091214
133.8321770290878 57.5,145.0 68.66782297091218
81.33217702908782 5.0,92.49999999999999 16.16782297091217
111.8420489685532 40.0,127.4999999999999 55.65795103144665
94.34204896855324 22.5,109.9999999999999 38.15795103144671
129.3420489685532 57.5,145.0 73.15795103144676
76.84204896855324 5.0,92.49999999999999 20.65795103144674
109.9999999999999 42.64807909198128,124.8519209080187 57.50000000000002
92.49999999999999 25.14807909198131,107.3519209080187 40.0
127.4999999999999 60.14807909198125,142.3519209080187 75.0
74.99999999999999 7.648079091981315,89.85192090801866 22.5
109.9999999999999 47.13820715251586,120.3617928474841 57.5
92.49999999999999 29.63820715251589,102.8617928474841 40.0
127.4999999999999 64.63820715251585,137.861792847484 75.00000000000004
74.99999999999999 12.13820715251589,85.36179284748405 22.49999999999999
109.9999999999999 51.62833521305045,115.8716647869495 57.5
92.49999999999999 34.12833521305046,98.37166478694952 40.0
127.4999999999999 69.12833521305039,133.3716647869495 75.00000000000003
74.99999999999997 16.62833521305047,80.87166478694951 22.5
109.9999999999999 56.11846327358502,111.3815367264149 57.5
92.49999999999999 38.61846327358504,93.88153672641491 40.0
127.4999999999999 73.61846327358495,128.8815367264149 75.00000000000001
74.99999999999999 21.11846327358505,76.38153672641494 22.5
106.8914086658803 57.5,109.9999999999999 60.60859133411959
89.39140866588036 40.0,92.49999999999999 43.10859133411961
124.3914086658804 75.00000000000001,127.4999999999999 78.10859133411955
71.89140866588036 22.5,74.99999999999999 25.60859133411963
141.8914086658803 92.49999999999999,145.0 95.60859133411964
54.39140866588036 5.0,57.5 8.10859133411964
102.4012806053458 57.5,109.9999999999999 65.09871939465418
84.90128060534578 40.0,92.49999999999999 47.59871939465421
119.9012806053458 75.00000000000003,127.4999999999999 82.59871939465415
67.40128060534578 22.5,74.99999999999997 30.0987193946542
137.4012806053457 92.5,145.0 100.0987193946542
49.90128060534577 5.000000000000002,57.5 12.59871939465422
97.91115254481122 57.5,109.9999999999999 69.58884745518876
80.4111525448112 40.0,92.49999999999999 52.08884745518878
115.4111525448112 75.00000000000003,127.4999999999999 87.0888474551887
62.9111525448112 22.5,74.99999999999997 34.58884745518878
132.9111525448112 92.50000000000006,145.0 104.5888474551888
45.4111525448112 5.0,57.5 17.08884745518879
93.42102448427666 57.5,109.9999999999999 74.07897551572331
75.92102448427663 40.0,92.49999999999999 56.57897551572337
110.9210244842766 75.00000000000003,127.4999999999999 91.57897551572331
58.42102448427663 22.5,74.99999999999999 39.07897551572336
128.4210244842766 92.5,145.0 109.0789755157234
40.92102448427662 5.000000000000002,57.5 21.57897551572338
92.49999999999999 61.06910357625793,106.430896423742 75.00000000000003
74.99999999999997 43.56910357625792,88.93089642374206 57.5
109.9999999999999 78.56910357625789,123.930896423742 92.5
57.5 26.06910357625795,71.43089642374206 40.0
127.4999999999999 96.06910357625787,141.430896423742 110.0
39.99999999999998 8.569103576257932,53.93089642374203 22.5
92.49999999999996 65.55923163679249,101.9407683632075 75.00000000000001
74.99999999999999 48.05923163679253,84.44076836320748 57.5
109.9999999999999 83.05923163679248,119.4407683632075 92.5
57.5 30.55923163679253,66.94076836320745 40.0
127.4999999999999 100.5592316367924,136.9407683632075 110.0
39.99999999999998 13.05923163679251,49.44076836320746 22.5
92.49999999999999 70.04935969732708,97.45064030267292 75.00000000000001
74.99999999999997 52.54935969732708,79.95064030267291 57.5
109.9999999999999 87.54935969732703,114.9506403026729 92.50000000000006
57.5 35.04935969732711,62.4506403026729 40.0
127.4999999999999 105.049359697327,132.4506403026729 110.0
40.0 17.54935969732709,44.95064030267289 22.5
92.49999999999996 74.53948775786162,92.96051224213831 75.00000000000001
74.99999999999997 57.03948775786165,75.4605122421383 57.5
109.9999999999999 92.03948775786164,110.4605122421383 92.5
57.5 39.53948775786168,57.9605122421383 40.0
127.4999999999999 109.5394877578616,127.9605122421383 110.0
40.0 22.03948775786167,40.46051224213831 22.5
88.47038418160378 75.00000000000003,92.49999999999999 79.02961581839625
70.97038418160372 57.5,74.99999999999997 61.52961581839624
105.9703841816037 92.5,109.9999999999999 96.52961581839622
53.47038418160375 40.0,57.5 44.02961581839625
123.4703841816037 110.0,127.4999999999999 114.0296158183962
35.97038418160373 22.5,40.0 26.52961581839625
140.9703841816037 127.4999999999999,145.0 131.5296158183963
18.47038418160374 5.000000000000002,22.5 9.029615818396257
83.98025612106917 75.00000000000003,92.49999999999999 83.51974387893083
66.48025612106916 57.5,74.99999999999999 66.01974387893084
101.4802561210691 92.5,109.9999999999999 101.0197438789308
48.98025612106915 40.0,57.5 48.51974387893083
118.9802561210691 110.0,127.4999999999999 118.5197438789308
31.48025612106915 22.5,40.0 31.01974387893084
136.4802561210691 127.4999999999999,145.0 136.0197438789308
13.98025612106916 5.0,22.49999999999999 13.51974387893083
79.49012806053456 75.0,92.49999999999999 88.00987193946541
61.99012806053456 57.5,75.0 70.50987193946544
96.99012806053457 92.5,109.9999999999999 105.5098719394654
44.49012806053458 40.0,57.5 53.00987193946542
114.4901280605345 110.0,127.4999999999999 123.0098719394653
26.99012806053458 22.5,40.0 35.50987193946542
131.9901280605345 127.4999999999999,145.0 140.5098719394654
9.490128060534579 5.0,22.5 18.00987193946541
75.00000000000001 75.00000000000001,92.49999999999999 92.49999999999999
57.5 57.5,74.99999999999999 74.99999999999999
92.49999999999999 92.49999999999999,109.9999999999999 109.9999999999999
40.0 40.0,57.5 57.5
109.9999999999999 109.9999999999999,127.4999999999999 127.4999999999999
22.5 22.5,40.0 40.0
127.4999999999999 127.4999999999999,145.0 145.0
4.999999999999999 4.999999999999999,22.5 22.5
74.99999999999997 79.49012806053454,88.00987193946546 92.5
57.5 61.99012806053456,70.50987193946544 75.00000000000001
92.49999999999996 96.99012806053453,105.5098719394654 110.0
40.0 44.49012806053456,53.00987193946542 57.5
110.0 114.4901280605345,123.0098719394654 127.5
22.5 26.99012806053457,35.50987193946542 40.0
127.4999999999999 131.9901280605345,140.5098719394654 145.0
5.0 9.490128060534577,18.00987193946542 22.5
74.99999999999997 83.9802561210691,83.51974387893084 92.49999999999999
57.49999999999998 66.48025612106913,66.01974387893085 75.00000000000001
92.49999999999999 101.4802561210691,101.0197438789308 110.0
40.0 48.98025612106915,48.51974387893085 57.5
109.9999999999999 118.9802561210691,118.5197438789308 127.5
22.5 31.48025612106915,31.01974387893084 40.0
127.4999999999999 136.4802561210691,136.0197438789308 145.0
5.0 13.98025612106916,13.51974387893084 22.5
74.99999999999997 88.47038418160368,79.02961581839628 92.5
57.49999999999998 70.97038418160372,61.5296158183963 75.00000000000003
92.49999999999999 105.9703841816037,96.52961581839627 110.0
40.0 53.47038418160372,44.02961581839625 57.5
109.9999999999999 123.4703841816037,114.0296158183963 127.5
22.5 35.97038418160373,26.52961581839627 40.0
127.4999999999999 140.9703841816035,131.5296158183962 145.0
5.000000000000002 18.47038418160374,9.029615818396266 22.5
74.5394877578617 92.50000000000006,74.99999999999996 92.9605122421383
57.0394877578617 75.00000000000003,57.5 75.4605122421383
92.0394877578617 110.0,92.49999999999991 110.4605122421382
39.53948775786169 57.5,40.0 57.9605122421383
109.5394877578617 127.5,109.9999999999999 127.9605122421383
22.03948775786169 40.0,22.5 40.46051224213829
70.04935969732713 92.50000000000006,74.99999999999996 97.45064030267287
52.54935969732712 75.00000000000001,57.5 79.95064030267287
87.5493596973271 110.0,92.49999999999994 114.9506403026728
35.04935969732712 57.5,40.0 62.45064030267288
105.0493596973271 127.5,109.9999999999999 132.4506403026728
17.54935969732711 40.0,22.49999999999999 44.95064030267288
65.55923163679256 92.50000000000006,74.99999999999996 101.9407683632074
48.05923163679254 75.00000000000003,57.5 84.44076836320745
83.05923163679253 110.0,92.49999999999996 119.4407683632074
30.55923163679255 57.5,40.0 66.94076836320745
100.5592316367925 127.5,109.9999999999999 136.9407683632074
13.05923163679254 40.0,22.5 49.44076836320746
61.069103576258 92.50000000000006,74.99999999999996 106.430896423742
43.56910357625799 75.00000000000004,57.5 88.93089642374203
78.56910357625797 110.0,92.49999999999994 123.9308964237419
26.06910357625797 57.5,40.0 71.43089642374204
96.069103576258 127.5,109.9999999999999 141.4308964237419
8.569103576257959 40.0,22.5 53.93089642374203
57.5 93.4210244842766,74.07897551572337 110.0
40.0 75.92102448427659,56.5789755157234 92.50000000000006
74.99999999999997 110.9210244842766,91.57897551572339 127.5
22.5 58.4210244842766,39.07897551572342 75.00000000000004
92.49999999999996 128.4210244842766,109.0789755157234 145.0
5.000000000000002 40.92102448427662,21.57897551572338 57.5
57.49999999999998 97.91115254481122,69.58884745518878 110.0
39.99999999999998 80.41115254481117,52.08884745518883 92.50000000000006
74.99999999999991 115.4111525448111,87.08884745518881 127.5
22.5 62.9111525448112,34.58884745518884 75.00000000000004
92.49999999999994 132.9111525448111,104.5888474551888 145.0
5.0 45.4111525448112,17.0888474551888 57.5
57.49999999999998 102.4012806053457,65.09871939465421 110.0
40.0 84.90128060534576,47.59871939465424 92.50000000000006
74.99999999999997 119.9012806053457,82.59871939465424 127.5
22.5 67.40128060534578,30.09871939465425 75.00000000000003
92.5 137.4012806053457,100.0987193946542 145.0
5.000000000000002 49.90128060534577,12.59871939465422 57.5
57.49999999999997 106.8914086658803,60.60859133411963 110.0
40.0 89.39140866588036,43.10859133411968 92.50000000000006
74.99999999999991 124.3914086658803,78.10859133411965 127.5
22.5 71.89140866588035,25.60859133411967 75.00000000000003
92.49999999999999 141.8914086658803,95.60859133411964 145.0
5.000000000000002 54.39140866588036,8.10859133411964 57.5
56.11846327358506 110.0,57.49999999999997 111.3815367264149
38.61846327358509 92.50000000000006,40.0 93.88153672641491
73.61846327358509 127.5,74.99999999999997 128.8815367264149
21.1184632735851 75.00000000000003,22.5 76.38153672641494
51.62833521305048 110.0,57.5 115.8716647869495
34.12833521305052 92.50000000000006,40.0 98.37166478694952
69.1283352130505 127.5,74.99999999999997 133.3716647869495
16.62833521305052 75.00000000000003,22.5 80.87166478694951
47.13820715251589 110.0,57.49999999999997 120.361792847484
29.63820715251596 92.50000000000006,40.0 102.8617928474841
64.63820715251593 127.5,74.99999999999996 137.861792847484
12.13820715251595 75.00000000000004,22.49999999999999 85.36179284748405
42.64807909198132 110.0,57.49999999999998 124.8519209080185
25.14807909198139 92.50000000000006,40.0 107.3519209080186
60.14807909198135 127.5,74.99999999999997 142.3519209080186
7.648079091981365 75.00000000000003,22.5 89.85192090801866
40.0 111.8420489685532,55.65795103144676 127.5
22.5 94.34204896855324,38.15795103144675 110.0
57.49999999999996 129.3420489685532,73.15795103144676 145.0
5.000000000000006 76.84204896855327,20.65795103144681 92.50000000000006
40.0 116.3321770290878,51.16782297091219 127.5
22.50000000000001 98.83217702908784,33.66782297091216 109.9999999999999
57.49999999999998 133.8321770290878,68.66782297091218 145.0
5.000000000000006 81.33217702908783,16.16782297091223 92.50000000000006
40.0 120.8223050896224,46.67769491037762 127.5
22.5 103.3223050896224,29.17769491037759 110.0
57.49999999999996 138.3223050896224,64.17769491037761 145.0
5.000000000000006 85.8223050896224,11.67769491037765 92.50000000000006
40.0 125.312433150157,42.18756684984305 127.5
22.5 107.812433150157,24.68756684984301 110.0
57.49999999999997 142.8124331501569,59.68756684984304 145.0
5.000000000000006 90.31243315015698,7.187566849843065 92.50000000000006
37.69743878930845 127.5,40.0 129.8025612106916
20.19743878930846 110.0,22.5 112.3025612106915
33.20731072877386 127.5,40.0 134.2926892712261
15.70731072877388 110.0,22.50000000000001 116.7926892712261
28.71718266823929 127.5,40.00000000000003 138.7828173317607
11.21718266823929 110.0,22.50000000000001 121.2828173317607
24.22705460770472 127.5,40.00000000000002 143.2729453922953
6.727054607704714 110.0,22.50000000000001 125.7729453922953
22.50000000000001 130.2630734528299,37.23692654717014 145.0
4.999999999999992 112.7630734528298,19.73692654717014 127.5
22.50000000000001 134.7532015133644,32.74679848663556 145.0
5.0 117.2532015133644,15.24679848663557 127.5
22.50000000000001 139.243329573899,28.25667042610099 145.0
5.000000000000013 121.743329573899,10.75667042610099 127.5
22.50000000000001 143.7334576344336,23.76654236556641 145.0
5.000000000000013 126.2334576344336,6.266542365566422 127.5
40.0 145.0,39.99999999999996 5.0
